{
 "cells": [
  {
   "cell_type": "code",
   "execution_count": 7,
   "id": "11086de9-1619-44ef-a4f5-52c9d25c1a6a",
   "metadata": {},
   "outputs": [],
   "source": [
    "import csv\n",
    "\n",
    "import pandas as pd\n",
    "import tensorflow as tf\n",
    "import keras\n",
    "from keras import layers\n",
    "import numpy as np\n",
    "import seaborn"
   ]
  },
  {
   "cell_type": "markdown",
   "id": "93d4f257-6efb-47bc-959d-aeec6e233995",
   "metadata": {},
   "source": [
    "# Load and clean dataset"
   ]
  },
  {
   "cell_type": "code",
   "execution_count": 14,
   "id": "788376fb-ce5c-4f67-ba2e-caa4a359e0d7",
   "metadata": {},
   "outputs": [],
   "source": [
    "pd.set_option('display.max_columns', None)\n",
    "\n",
    "df = pd.read_csv(\"./Telco-Customer-Churn.csv\")\n",
    "original_df = df.copy(deep=True)\n",
    "df[\"gender\"] = df[\"gender\"].map({\"Male\": 0, \"Female\": 1})\n",
    "df[\"InternetService\"] = df[\"InternetService\"].map({\"No\": 0, \"DSL\": 1, \"Fiber optic\": 2})\n",
    "df[\"Contract\"] = df[\"Contract\"].map({\"Month-to-month\": 0, \"One year\": 1, \"Two year\": 2})\n",
    "df[\"PaymentMethod\"] = df[\"PaymentMethod\"].map(\n",
    "    {\"Electronic check\": 0, \"Mailed check\": 1, \"Bank transfer (automatic)\": 2, \"Credit card (automatic)\": 3})\n",
    "# https://stackoverflow.com/a/78066237\n",
    "with pd.option_context(\"future.no_silent_downcasting\", True):\n",
    "    df = df.replace({\"No\": 0, \"Yes\": 1, \"No internet service\": 2, \"No phone service\": 2}).infer_objects(copy=False)\n",
    "    df.iloc[:, 1:] = df.iloc[:, 1:].apply(lambda loc: pd.to_numeric(loc, errors=\"coerce\"))\n",
    "    df = df.fillna(0).infer_objects(copy=False)"
   ]
  },
  {
   "cell_type": "markdown",
   "id": "aa6335af-f581-4e1b-9cc6-4fa798f0e224",
   "metadata": {},
   "source": [
    "# Exploratory Data Analysis"
   ]
  },
  {
   "cell_type": "code",
   "execution_count": 6,
   "id": "f9a40866-1b13-4b13-ac98-f114887bbc16",
   "metadata": {},
   "outputs": [
    {
     "data": {
      "text/html": [
       "<div>\n",
       "<style scoped>\n",
       "    .dataframe tbody tr th:only-of-type {\n",
       "        vertical-align: middle;\n",
       "    }\n",
       "\n",
       "    .dataframe tbody tr th {\n",
       "        vertical-align: top;\n",
       "    }\n",
       "\n",
       "    .dataframe thead th {\n",
       "        text-align: right;\n",
       "    }\n",
       "</style>\n",
       "<table border=\"1\" class=\"dataframe\">\n",
       "  <thead>\n",
       "    <tr style=\"text-align: right;\">\n",
       "      <th></th>\n",
       "      <th>gender</th>\n",
       "      <th>SeniorCitizen</th>\n",
       "      <th>Partner</th>\n",
       "      <th>Dependents</th>\n",
       "      <th>tenure</th>\n",
       "      <th>PhoneService</th>\n",
       "      <th>MultipleLines</th>\n",
       "      <th>InternetService</th>\n",
       "      <th>OnlineSecurity</th>\n",
       "      <th>OnlineBackup</th>\n",
       "      <th>DeviceProtection</th>\n",
       "      <th>TechSupport</th>\n",
       "      <th>StreamingTV</th>\n",
       "      <th>StreamingMovies</th>\n",
       "      <th>Contract</th>\n",
       "      <th>PaperlessBilling</th>\n",
       "      <th>PaymentMethod</th>\n",
       "      <th>MonthlyCharges</th>\n",
       "      <th>TotalCharges</th>\n",
       "      <th>Churn</th>\n",
       "    </tr>\n",
       "  </thead>\n",
       "  <tbody>\n",
       "    <tr>\n",
       "      <th>gender</th>\n",
       "      <td>1.000000</td>\n",
       "      <td>0.001874</td>\n",
       "      <td>0.001808</td>\n",
       "      <td>-0.010517</td>\n",
       "      <td>-0.005106</td>\n",
       "      <td>0.006488</td>\n",
       "      <td>0.000485</td>\n",
       "      <td>0.010380</td>\n",
       "      <td>0.003429</td>\n",
       "      <td>0.002032</td>\n",
       "      <td>-0.005092</td>\n",
       "      <td>-0.000985</td>\n",
       "      <td>-0.001156</td>\n",
       "      <td>0.000191</td>\n",
       "      <td>-0.000126</td>\n",
       "      <td>0.011754</td>\n",
       "      <td>0.005209</td>\n",
       "      <td>0.014569</td>\n",
       "      <td>0.000080</td>\n",
       "      <td>0.008612</td>\n",
       "    </tr>\n",
       "    <tr>\n",
       "      <th>SeniorCitizen</th>\n",
       "      <td>0.001874</td>\n",
       "      <td>1.000000</td>\n",
       "      <td>0.016479</td>\n",
       "      <td>-0.211185</td>\n",
       "      <td>0.016567</td>\n",
       "      <td>0.008576</td>\n",
       "      <td>0.099883</td>\n",
       "      <td>0.259390</td>\n",
       "      <td>-0.210897</td>\n",
       "      <td>-0.152780</td>\n",
       "      <td>-0.157095</td>\n",
       "      <td>-0.223770</td>\n",
       "      <td>-0.130130</td>\n",
       "      <td>-0.120802</td>\n",
       "      <td>-0.142554</td>\n",
       "      <td>0.156530</td>\n",
       "      <td>-0.093704</td>\n",
       "      <td>0.220173</td>\n",
       "      <td>0.103006</td>\n",
       "      <td>0.150889</td>\n",
       "    </tr>\n",
       "    <tr>\n",
       "      <th>Partner</th>\n",
       "      <td>0.001808</td>\n",
       "      <td>0.016479</td>\n",
       "      <td>1.000000</td>\n",
       "      <td>0.452676</td>\n",
       "      <td>0.379697</td>\n",
       "      <td>0.017706</td>\n",
       "      <td>0.090981</td>\n",
       "      <td>-0.000132</td>\n",
       "      <td>0.081850</td>\n",
       "      <td>0.087055</td>\n",
       "      <td>0.094451</td>\n",
       "      <td>0.069072</td>\n",
       "      <td>0.080127</td>\n",
       "      <td>0.075779</td>\n",
       "      <td>0.294806</td>\n",
       "      <td>-0.014877</td>\n",
       "      <td>0.133115</td>\n",
       "      <td>0.096848</td>\n",
       "      <td>0.317504</td>\n",
       "      <td>-0.150448</td>\n",
       "    </tr>\n",
       "    <tr>\n",
       "      <th>Dependents</th>\n",
       "      <td>-0.010517</td>\n",
       "      <td>-0.211185</td>\n",
       "      <td>0.452676</td>\n",
       "      <td>1.000000</td>\n",
       "      <td>0.159712</td>\n",
       "      <td>-0.001762</td>\n",
       "      <td>-0.016875</td>\n",
       "      <td>-0.179631</td>\n",
       "      <td>0.190523</td>\n",
       "      <td>0.162445</td>\n",
       "      <td>0.156439</td>\n",
       "      <td>0.180832</td>\n",
       "      <td>0.140395</td>\n",
       "      <td>0.125820</td>\n",
       "      <td>0.243187</td>\n",
       "      <td>-0.111377</td>\n",
       "      <td>0.123844</td>\n",
       "      <td>-0.113890</td>\n",
       "      <td>0.062078</td>\n",
       "      <td>-0.164221</td>\n",
       "    </tr>\n",
       "    <tr>\n",
       "      <th>tenure</th>\n",
       "      <td>-0.005106</td>\n",
       "      <td>0.016567</td>\n",
       "      <td>0.379697</td>\n",
       "      <td>0.159712</td>\n",
       "      <td>1.000000</td>\n",
       "      <td>0.008448</td>\n",
       "      <td>0.242279</td>\n",
       "      <td>0.033230</td>\n",
       "      <td>0.145298</td>\n",
       "      <td>0.178651</td>\n",
       "      <td>0.178649</td>\n",
       "      <td>0.144459</td>\n",
       "      <td>0.136145</td>\n",
       "      <td>0.140781</td>\n",
       "      <td>0.671607</td>\n",
       "      <td>0.006152</td>\n",
       "      <td>0.340305</td>\n",
       "      <td>0.247900</td>\n",
       "      <td>0.826178</td>\n",
       "      <td>-0.352229</td>\n",
       "    </tr>\n",
       "    <tr>\n",
       "      <th>PhoneService</th>\n",
       "      <td>0.006488</td>\n",
       "      <td>0.008576</td>\n",
       "      <td>0.017706</td>\n",
       "      <td>-0.001762</td>\n",
       "      <td>0.008448</td>\n",
       "      <td>1.000000</td>\n",
       "      <td>-0.691070</td>\n",
       "      <td>0.093720</td>\n",
       "      <td>0.125353</td>\n",
       "      <td>0.150338</td>\n",
       "      <td>0.138755</td>\n",
       "      <td>0.123350</td>\n",
       "      <td>0.171538</td>\n",
       "      <td>0.165205</td>\n",
       "      <td>0.002247</td>\n",
       "      <td>0.016505</td>\n",
       "      <td>-0.004070</td>\n",
       "      <td>0.247398</td>\n",
       "      <td>0.113214</td>\n",
       "      <td>0.011942</td>\n",
       "    </tr>\n",
       "    <tr>\n",
       "      <th>MultipleLines</th>\n",
       "      <td>0.000485</td>\n",
       "      <td>0.099883</td>\n",
       "      <td>0.090981</td>\n",
       "      <td>-0.016875</td>\n",
       "      <td>0.242279</td>\n",
       "      <td>-0.691070</td>\n",
       "      <td>1.000000</td>\n",
       "      <td>0.174989</td>\n",
       "      <td>-0.235021</td>\n",
       "      <td>-0.210372</td>\n",
       "      <td>-0.200463</td>\n",
       "      <td>-0.232155</td>\n",
       "      <td>-0.202414</td>\n",
       "      <td>-0.195815</td>\n",
       "      <td>0.078613</td>\n",
       "      <td>0.108230</td>\n",
       "      <td>0.030659</td>\n",
       "      <td>0.146153</td>\n",
       "      <td>0.250628</td>\n",
       "      <td>0.019423</td>\n",
       "    </tr>\n",
       "    <tr>\n",
       "      <th>InternetService</th>\n",
       "      <td>0.010380</td>\n",
       "      <td>0.259390</td>\n",
       "      <td>-0.000132</td>\n",
       "      <td>-0.179631</td>\n",
       "      <td>0.033230</td>\n",
       "      <td>0.093720</td>\n",
       "      <td>0.174989</td>\n",
       "      <td>1.000000</td>\n",
       "      <td>-0.764943</td>\n",
       "      <td>-0.686403</td>\n",
       "      <td>-0.682448</td>\n",
       "      <td>-0.760985</td>\n",
       "      <td>-0.617704</td>\n",
       "      <td>-0.620005</td>\n",
       "      <td>-0.290189</td>\n",
       "      <td>0.378108</td>\n",
       "      <td>-0.178137</td>\n",
       "      <td>0.905491</td>\n",
       "      <td>0.428963</td>\n",
       "      <td>0.316846</td>\n",
       "    </tr>\n",
       "    <tr>\n",
       "      <th>OnlineSecurity</th>\n",
       "      <td>0.003429</td>\n",
       "      <td>-0.210897</td>\n",
       "      <td>0.081850</td>\n",
       "      <td>0.190523</td>\n",
       "      <td>0.145298</td>\n",
       "      <td>0.125353</td>\n",
       "      <td>-0.235021</td>\n",
       "      <td>-0.764943</td>\n",
       "      <td>1.000000</td>\n",
       "      <td>0.751661</td>\n",
       "      <td>0.749040</td>\n",
       "      <td>0.791225</td>\n",
       "      <td>0.701976</td>\n",
       "      <td>0.704984</td>\n",
       "      <td>0.389978</td>\n",
       "      <td>-0.334003</td>\n",
       "      <td>0.213800</td>\n",
       "      <td>-0.621227</td>\n",
       "      <td>-0.154380</td>\n",
       "      <td>-0.332819</td>\n",
       "    </tr>\n",
       "    <tr>\n",
       "      <th>OnlineBackup</th>\n",
       "      <td>0.002032</td>\n",
       "      <td>-0.152780</td>\n",
       "      <td>0.087055</td>\n",
       "      <td>0.162445</td>\n",
       "      <td>0.178651</td>\n",
       "      <td>0.150338</td>\n",
       "      <td>-0.210372</td>\n",
       "      <td>-0.686403</td>\n",
       "      <td>0.751661</td>\n",
       "      <td>1.000000</td>\n",
       "      <td>0.740604</td>\n",
       "      <td>0.754095</td>\n",
       "      <td>0.720671</td>\n",
       "      <td>0.716700</td>\n",
       "      <td>0.351267</td>\n",
       "      <td>-0.262402</td>\n",
       "      <td>0.182909</td>\n",
       "      <td>-0.538454</td>\n",
       "      <td>-0.086220</td>\n",
       "      <td>-0.291449</td>\n",
       "    </tr>\n",
       "    <tr>\n",
       "      <th>DeviceProtection</th>\n",
       "      <td>-0.005092</td>\n",
       "      <td>-0.157095</td>\n",
       "      <td>0.094451</td>\n",
       "      <td>0.156439</td>\n",
       "      <td>0.178649</td>\n",
       "      <td>0.138755</td>\n",
       "      <td>-0.200463</td>\n",
       "      <td>-0.682448</td>\n",
       "      <td>0.749040</td>\n",
       "      <td>0.740604</td>\n",
       "      <td>1.000000</td>\n",
       "      <td>0.767970</td>\n",
       "      <td>0.763279</td>\n",
       "      <td>0.766821</td>\n",
       "      <td>0.390216</td>\n",
       "      <td>-0.276326</td>\n",
       "      <td>0.191746</td>\n",
       "      <td>-0.513440</td>\n",
       "      <td>-0.078612</td>\n",
       "      <td>-0.281465</td>\n",
       "    </tr>\n",
       "    <tr>\n",
       "      <th>TechSupport</th>\n",
       "      <td>-0.000985</td>\n",
       "      <td>-0.223770</td>\n",
       "      <td>0.069072</td>\n",
       "      <td>0.180832</td>\n",
       "      <td>0.144459</td>\n",
       "      <td>0.123350</td>\n",
       "      <td>-0.232155</td>\n",
       "      <td>-0.760985</td>\n",
       "      <td>0.791225</td>\n",
       "      <td>0.754095</td>\n",
       "      <td>0.767970</td>\n",
       "      <td>1.000000</td>\n",
       "      <td>0.737578</td>\n",
       "      <td>0.737123</td>\n",
       "      <td>0.418440</td>\n",
       "      <td>-0.310749</td>\n",
       "      <td>0.216878</td>\n",
       "      <td>-0.597594</td>\n",
       "      <td>-0.142176</td>\n",
       "      <td>-0.329852</td>\n",
       "    </tr>\n",
       "    <tr>\n",
       "      <th>StreamingTV</th>\n",
       "      <td>-0.001156</td>\n",
       "      <td>-0.130130</td>\n",
       "      <td>0.080127</td>\n",
       "      <td>0.140395</td>\n",
       "      <td>0.136145</td>\n",
       "      <td>0.171538</td>\n",
       "      <td>-0.202414</td>\n",
       "      <td>-0.617704</td>\n",
       "      <td>0.701976</td>\n",
       "      <td>0.720671</td>\n",
       "      <td>0.763279</td>\n",
       "      <td>0.737578</td>\n",
       "      <td>1.000000</td>\n",
       "      <td>0.809608</td>\n",
       "      <td>0.327951</td>\n",
       "      <td>-0.203907</td>\n",
       "      <td>0.117618</td>\n",
       "      <td>-0.423067</td>\n",
       "      <td>-0.076865</td>\n",
       "      <td>-0.205742</td>\n",
       "    </tr>\n",
       "    <tr>\n",
       "      <th>StreamingMovies</th>\n",
       "      <td>0.000191</td>\n",
       "      <td>-0.120802</td>\n",
       "      <td>0.075779</td>\n",
       "      <td>0.125820</td>\n",
       "      <td>0.140781</td>\n",
       "      <td>0.165205</td>\n",
       "      <td>-0.195815</td>\n",
       "      <td>-0.620005</td>\n",
       "      <td>0.704984</td>\n",
       "      <td>0.716700</td>\n",
       "      <td>0.766821</td>\n",
       "      <td>0.737123</td>\n",
       "      <td>0.809608</td>\n",
       "      <td>1.000000</td>\n",
       "      <td>0.330993</td>\n",
       "      <td>-0.211818</td>\n",
       "      <td>0.123869</td>\n",
       "      <td>-0.424598</td>\n",
       "      <td>-0.073160</td>\n",
       "      <td>-0.207256</td>\n",
       "    </tr>\n",
       "    <tr>\n",
       "      <th>Contract</th>\n",
       "      <td>-0.000126</td>\n",
       "      <td>-0.142554</td>\n",
       "      <td>0.294806</td>\n",
       "      <td>0.243187</td>\n",
       "      <td>0.671607</td>\n",
       "      <td>0.002247</td>\n",
       "      <td>0.078613</td>\n",
       "      <td>-0.290189</td>\n",
       "      <td>0.389978</td>\n",
       "      <td>0.351267</td>\n",
       "      <td>0.390216</td>\n",
       "      <td>0.418440</td>\n",
       "      <td>0.327951</td>\n",
       "      <td>0.330993</td>\n",
       "      <td>1.000000</td>\n",
       "      <td>-0.176733</td>\n",
       "      <td>0.358913</td>\n",
       "      <td>-0.074195</td>\n",
       "      <td>0.446855</td>\n",
       "      <td>-0.396713</td>\n",
       "    </tr>\n",
       "    <tr>\n",
       "      <th>PaperlessBilling</th>\n",
       "      <td>0.011754</td>\n",
       "      <td>0.156530</td>\n",
       "      <td>-0.014877</td>\n",
       "      <td>-0.111377</td>\n",
       "      <td>0.006152</td>\n",
       "      <td>0.016505</td>\n",
       "      <td>0.108230</td>\n",
       "      <td>0.378108</td>\n",
       "      <td>-0.334003</td>\n",
       "      <td>-0.262402</td>\n",
       "      <td>-0.276326</td>\n",
       "      <td>-0.310749</td>\n",
       "      <td>-0.203907</td>\n",
       "      <td>-0.211818</td>\n",
       "      <td>-0.176733</td>\n",
       "      <td>1.000000</td>\n",
       "      <td>-0.101480</td>\n",
       "      <td>0.352150</td>\n",
       "      <td>0.158574</td>\n",
       "      <td>0.191825</td>\n",
       "    </tr>\n",
       "    <tr>\n",
       "      <th>PaymentMethod</th>\n",
       "      <td>0.005209</td>\n",
       "      <td>-0.093704</td>\n",
       "      <td>0.133115</td>\n",
       "      <td>0.123844</td>\n",
       "      <td>0.340305</td>\n",
       "      <td>-0.004070</td>\n",
       "      <td>0.030659</td>\n",
       "      <td>-0.178137</td>\n",
       "      <td>0.213800</td>\n",
       "      <td>0.182909</td>\n",
       "      <td>0.191746</td>\n",
       "      <td>0.216878</td>\n",
       "      <td>0.117618</td>\n",
       "      <td>0.123869</td>\n",
       "      <td>0.358913</td>\n",
       "      <td>-0.101480</td>\n",
       "      <td>1.000000</td>\n",
       "      <td>-0.074353</td>\n",
       "      <td>0.222398</td>\n",
       "      <td>-0.262818</td>\n",
       "    </tr>\n",
       "    <tr>\n",
       "      <th>MonthlyCharges</th>\n",
       "      <td>0.014569</td>\n",
       "      <td>0.220173</td>\n",
       "      <td>0.096848</td>\n",
       "      <td>-0.113890</td>\n",
       "      <td>0.247900</td>\n",
       "      <td>0.247398</td>\n",
       "      <td>0.146153</td>\n",
       "      <td>0.905491</td>\n",
       "      <td>-0.621227</td>\n",
       "      <td>-0.538454</td>\n",
       "      <td>-0.513440</td>\n",
       "      <td>-0.597594</td>\n",
       "      <td>-0.423067</td>\n",
       "      <td>-0.424598</td>\n",
       "      <td>-0.074195</td>\n",
       "      <td>0.352150</td>\n",
       "      <td>-0.074353</td>\n",
       "      <td>1.000000</td>\n",
       "      <td>0.651174</td>\n",
       "      <td>0.193356</td>\n",
       "    </tr>\n",
       "    <tr>\n",
       "      <th>TotalCharges</th>\n",
       "      <td>0.000080</td>\n",
       "      <td>0.103006</td>\n",
       "      <td>0.317504</td>\n",
       "      <td>0.062078</td>\n",
       "      <td>0.826178</td>\n",
       "      <td>0.113214</td>\n",
       "      <td>0.250628</td>\n",
       "      <td>0.428963</td>\n",
       "      <td>-0.154380</td>\n",
       "      <td>-0.086220</td>\n",
       "      <td>-0.078612</td>\n",
       "      <td>-0.142176</td>\n",
       "      <td>-0.076865</td>\n",
       "      <td>-0.073160</td>\n",
       "      <td>0.446855</td>\n",
       "      <td>0.158574</td>\n",
       "      <td>0.222398</td>\n",
       "      <td>0.651174</td>\n",
       "      <td>1.000000</td>\n",
       "      <td>-0.198324</td>\n",
       "    </tr>\n",
       "    <tr>\n",
       "      <th>Churn</th>\n",
       "      <td>0.008612</td>\n",
       "      <td>0.150889</td>\n",
       "      <td>-0.150448</td>\n",
       "      <td>-0.164221</td>\n",
       "      <td>-0.352229</td>\n",
       "      <td>0.011942</td>\n",
       "      <td>0.019423</td>\n",
       "      <td>0.316846</td>\n",
       "      <td>-0.332819</td>\n",
       "      <td>-0.291449</td>\n",
       "      <td>-0.281465</td>\n",
       "      <td>-0.329852</td>\n",
       "      <td>-0.205742</td>\n",
       "      <td>-0.207256</td>\n",
       "      <td>-0.396713</td>\n",
       "      <td>0.191825</td>\n",
       "      <td>-0.262818</td>\n",
       "      <td>0.193356</td>\n",
       "      <td>-0.198324</td>\n",
       "      <td>1.000000</td>\n",
       "    </tr>\n",
       "  </tbody>\n",
       "</table>\n",
       "</div>"
      ],
      "text/plain": [
       "                    gender  SeniorCitizen   Partner  Dependents    tenure  \\\n",
       "gender            1.000000       0.001874  0.001808   -0.010517 -0.005106   \n",
       "SeniorCitizen     0.001874       1.000000  0.016479   -0.211185  0.016567   \n",
       "Partner           0.001808       0.016479  1.000000    0.452676  0.379697   \n",
       "Dependents       -0.010517      -0.211185  0.452676    1.000000  0.159712   \n",
       "tenure           -0.005106       0.016567  0.379697    0.159712  1.000000   \n",
       "PhoneService      0.006488       0.008576  0.017706   -0.001762  0.008448   \n",
       "MultipleLines     0.000485       0.099883  0.090981   -0.016875  0.242279   \n",
       "InternetService   0.010380       0.259390 -0.000132   -0.179631  0.033230   \n",
       "OnlineSecurity    0.003429      -0.210897  0.081850    0.190523  0.145298   \n",
       "OnlineBackup      0.002032      -0.152780  0.087055    0.162445  0.178651   \n",
       "DeviceProtection -0.005092      -0.157095  0.094451    0.156439  0.178649   \n",
       "TechSupport      -0.000985      -0.223770  0.069072    0.180832  0.144459   \n",
       "StreamingTV      -0.001156      -0.130130  0.080127    0.140395  0.136145   \n",
       "StreamingMovies   0.000191      -0.120802  0.075779    0.125820  0.140781   \n",
       "Contract         -0.000126      -0.142554  0.294806    0.243187  0.671607   \n",
       "PaperlessBilling  0.011754       0.156530 -0.014877   -0.111377  0.006152   \n",
       "PaymentMethod     0.005209      -0.093704  0.133115    0.123844  0.340305   \n",
       "MonthlyCharges    0.014569       0.220173  0.096848   -0.113890  0.247900   \n",
       "TotalCharges      0.000080       0.103006  0.317504    0.062078  0.826178   \n",
       "Churn             0.008612       0.150889 -0.150448   -0.164221 -0.352229   \n",
       "\n",
       "                  PhoneService  MultipleLines  InternetService  \\\n",
       "gender                0.006488       0.000485         0.010380   \n",
       "SeniorCitizen         0.008576       0.099883         0.259390   \n",
       "Partner               0.017706       0.090981        -0.000132   \n",
       "Dependents           -0.001762      -0.016875        -0.179631   \n",
       "tenure                0.008448       0.242279         0.033230   \n",
       "PhoneService          1.000000      -0.691070         0.093720   \n",
       "MultipleLines        -0.691070       1.000000         0.174989   \n",
       "InternetService       0.093720       0.174989         1.000000   \n",
       "OnlineSecurity        0.125353      -0.235021        -0.764943   \n",
       "OnlineBackup          0.150338      -0.210372        -0.686403   \n",
       "DeviceProtection      0.138755      -0.200463        -0.682448   \n",
       "TechSupport           0.123350      -0.232155        -0.760985   \n",
       "StreamingTV           0.171538      -0.202414        -0.617704   \n",
       "StreamingMovies       0.165205      -0.195815        -0.620005   \n",
       "Contract              0.002247       0.078613        -0.290189   \n",
       "PaperlessBilling      0.016505       0.108230         0.378108   \n",
       "PaymentMethod        -0.004070       0.030659        -0.178137   \n",
       "MonthlyCharges        0.247398       0.146153         0.905491   \n",
       "TotalCharges          0.113214       0.250628         0.428963   \n",
       "Churn                 0.011942       0.019423         0.316846   \n",
       "\n",
       "                  OnlineSecurity  OnlineBackup  DeviceProtection  TechSupport  \\\n",
       "gender                  0.003429      0.002032         -0.005092    -0.000985   \n",
       "SeniorCitizen          -0.210897     -0.152780         -0.157095    -0.223770   \n",
       "Partner                 0.081850      0.087055          0.094451     0.069072   \n",
       "Dependents              0.190523      0.162445          0.156439     0.180832   \n",
       "tenure                  0.145298      0.178651          0.178649     0.144459   \n",
       "PhoneService            0.125353      0.150338          0.138755     0.123350   \n",
       "MultipleLines          -0.235021     -0.210372         -0.200463    -0.232155   \n",
       "InternetService        -0.764943     -0.686403         -0.682448    -0.760985   \n",
       "OnlineSecurity          1.000000      0.751661          0.749040     0.791225   \n",
       "OnlineBackup            0.751661      1.000000          0.740604     0.754095   \n",
       "DeviceProtection        0.749040      0.740604          1.000000     0.767970   \n",
       "TechSupport             0.791225      0.754095          0.767970     1.000000   \n",
       "StreamingTV             0.701976      0.720671          0.763279     0.737578   \n",
       "StreamingMovies         0.704984      0.716700          0.766821     0.737123   \n",
       "Contract                0.389978      0.351267          0.390216     0.418440   \n",
       "PaperlessBilling       -0.334003     -0.262402         -0.276326    -0.310749   \n",
       "PaymentMethod           0.213800      0.182909          0.191746     0.216878   \n",
       "MonthlyCharges         -0.621227     -0.538454         -0.513440    -0.597594   \n",
       "TotalCharges           -0.154380     -0.086220         -0.078612    -0.142176   \n",
       "Churn                  -0.332819     -0.291449         -0.281465    -0.329852   \n",
       "\n",
       "                  StreamingTV  StreamingMovies  Contract  PaperlessBilling  \\\n",
       "gender              -0.001156         0.000191 -0.000126          0.011754   \n",
       "SeniorCitizen       -0.130130        -0.120802 -0.142554          0.156530   \n",
       "Partner              0.080127         0.075779  0.294806         -0.014877   \n",
       "Dependents           0.140395         0.125820  0.243187         -0.111377   \n",
       "tenure               0.136145         0.140781  0.671607          0.006152   \n",
       "PhoneService         0.171538         0.165205  0.002247          0.016505   \n",
       "MultipleLines       -0.202414        -0.195815  0.078613          0.108230   \n",
       "InternetService     -0.617704        -0.620005 -0.290189          0.378108   \n",
       "OnlineSecurity       0.701976         0.704984  0.389978         -0.334003   \n",
       "OnlineBackup         0.720671         0.716700  0.351267         -0.262402   \n",
       "DeviceProtection     0.763279         0.766821  0.390216         -0.276326   \n",
       "TechSupport          0.737578         0.737123  0.418440         -0.310749   \n",
       "StreamingTV          1.000000         0.809608  0.327951         -0.203907   \n",
       "StreamingMovies      0.809608         1.000000  0.330993         -0.211818   \n",
       "Contract             0.327951         0.330993  1.000000         -0.176733   \n",
       "PaperlessBilling    -0.203907        -0.211818 -0.176733          1.000000   \n",
       "PaymentMethod        0.117618         0.123869  0.358913         -0.101480   \n",
       "MonthlyCharges      -0.423067        -0.424598 -0.074195          0.352150   \n",
       "TotalCharges        -0.076865        -0.073160  0.446855          0.158574   \n",
       "Churn               -0.205742        -0.207256 -0.396713          0.191825   \n",
       "\n",
       "                  PaymentMethod  MonthlyCharges  TotalCharges     Churn  \n",
       "gender                 0.005209        0.014569      0.000080  0.008612  \n",
       "SeniorCitizen         -0.093704        0.220173      0.103006  0.150889  \n",
       "Partner                0.133115        0.096848      0.317504 -0.150448  \n",
       "Dependents             0.123844       -0.113890      0.062078 -0.164221  \n",
       "tenure                 0.340305        0.247900      0.826178 -0.352229  \n",
       "PhoneService          -0.004070        0.247398      0.113214  0.011942  \n",
       "MultipleLines          0.030659        0.146153      0.250628  0.019423  \n",
       "InternetService       -0.178137        0.905491      0.428963  0.316846  \n",
       "OnlineSecurity         0.213800       -0.621227     -0.154380 -0.332819  \n",
       "OnlineBackup           0.182909       -0.538454     -0.086220 -0.291449  \n",
       "DeviceProtection       0.191746       -0.513440     -0.078612 -0.281465  \n",
       "TechSupport            0.216878       -0.597594     -0.142176 -0.329852  \n",
       "StreamingTV            0.117618       -0.423067     -0.076865 -0.205742  \n",
       "StreamingMovies        0.123869       -0.424598     -0.073160 -0.207256  \n",
       "Contract               0.358913       -0.074195      0.446855 -0.396713  \n",
       "PaperlessBilling      -0.101480        0.352150      0.158574  0.191825  \n",
       "PaymentMethod          1.000000       -0.074353      0.222398 -0.262818  \n",
       "MonthlyCharges        -0.074353        1.000000      0.651174  0.193356  \n",
       "TotalCharges           0.222398        0.651174      1.000000 -0.198324  \n",
       "Churn                 -0.262818        0.193356     -0.198324  1.000000  "
      ]
     },
     "execution_count": 6,
     "metadata": {},
     "output_type": "execute_result"
    }
   ],
   "source": [
    "# Correlation matrix\n",
    "df.iloc[:, 1:].corr()"
   ]
  },
  {
   "cell_type": "code",
   "execution_count": 15,
   "id": "9b6679f6-bba0-4d6a-9e11-fea1e072a098",
   "metadata": {},
   "outputs": [
    {
     "data": {
      "text/plain": [
       "<Axes: xlabel='gender', ylabel='MonthlyCharges'>"
      ]
     },
     "execution_count": 15,
     "metadata": {},
     "output_type": "execute_result"
    },
    {
     "data": {
